0.800302350647 0.642587755976
0.535651659034 0.801681932882
0.285420248828 0.15520017198
0.604546488084 0.260270230968
0.42258563321 0.156904813668
0.754759682391 0.226224480561
0.562015618726 0.73127979226
0.821122244186 0.00330502577935
0.446729637958 0.00920933628215
0.357922756905 0.264037119262
0.466573308024 0.230184087253
0.789745664289 0.647573432957
0.160713009622 0.822174588003
0.338084546183 0.760020353801
0.00266223014022 0.708300211049
0.602713875249 0.265616779274
0.0184051329768 0.574973258147
0.155082932715 0.651852803128
0.8070784844 0.33891872317
0.150793192381 0.551678373756
0.833333333333 0.579371749494
0.407507808307 0.175166413296
0.475696656418 0.410545971397
0.562629931779 0.657851626743
0.415154797505 0.183090121997
0.644993132467 0.822239677673
