0.637527188231 0.109603809508
0.25238850374 0.627886515137
0.162906379817 0.1724796573
0.620160947983 0.833333333333
0.683937549184 0.357284869752
0.16978622332 0.227255476986
0.162403531223 0.143318613166
0.80365078004 0.522045743078
0.210029013785 0.57981342445
0.125666900434 0.480324841089
0.521340103939 0.168705245514
0.499076134567 0.777800971296
0.279886316688 0.321000027576
0.0891793471543 0.048040152673
0.519540227293 0.248549283358
0.00967873966236 0.154184462443
0.0911391512638 0.154290673921
0.476636007243 0.738872639802
0.63655900067 0.586925173109
0.36786654111 0.403296755757
